dir_cut_off: 0.0
dual_bound: 21387.0
efficacy: 0.8333333333333333
gap: 0.00420816383784542
int_support: 0.08333333333333333
num_cuts: 496
num_lp_iterations: 6295
num_nodes: 1
obj_parallelism: 0.08333333333333333
primal_bound: 21477.0
primal_dual_difference: 90.0
primal_dual_integral: 6.7
solution_fractionality: 0.5238095238095238
solve_time: 6.552449
status: nodelimit
