dir_cut_off: 0.0
dual_bound: 7769.000000000029
efficacy: 0.8333333333333333
gap: 0.041318058952242206
int_support: 0.08333333333333333
num_cuts: 495
num_lp_iterations: 5103
num_nodes: 1
obj_parallelism: 0.08333333333333333
primal_bound: 8090.0
primal_dual_difference: 320.9999999999709
primal_dual_integral: 22.92
solution_fractionality: 0.3333333333333333
solve_time: 4.961467
status: nodelimit
