dir_cut_off: 0.0
dual_bound: 151.0
efficacy: 0.8333333333333333
gap: 1.0
int_support: 0.08333333333333333
num_cuts: 252
num_lp_iterations: 32067
num_nodes: 1
obj_parallelism: 0.08333333333333333
primal_bound: 302.0
primal_dual_difference: 151.0
primal_dual_integral: 714.8
solution_fractionality: 0.010678871090770405
solve_time: 10.940922
status: nodelimit
