dir_cut_off: 0.0
dual_bound: 6865.026735826
efficacy: 0.8333333333333333
gap: 0.5861755596920939
int_support: 0.08333333333333333
num_cuts: 500
num_lp_iterations: 3746
num_nodes: 1
obj_parallelism: 0.08333333333333333
primal_bound: 10889.137624999994
primal_dual_difference: 4024.110889173994
primal_dual_integral: 311.39
solution_fractionality: 0.8333333333333334
solve_time: 5.202161
status: nodelimit
