dir_cut_off: 0.0
dual_bound: 1105.093163711279
efficacy: 0.8333333333333333
gap: 0.04787545342425417
int_support: 0.08333333333333333
num_cuts: 510
num_lp_iterations: 7898
num_nodes: 1
obj_parallelism: 0.08333333333333333
primal_bound: 1158.0
primal_dual_difference: 52.906836288721024
primal_dual_integral: 45.44
solution_fractionality: 0.2423469387755102
solve_time: 5.753481
status: nodelimit
