dir_cut_off: 0.0
dual_bound: -12.0
efficacy: 0.8333333333333333
gap: 3.0
int_support: 0.08333333333333333
num_cuts: 511
num_lp_iterations: 5519
num_nodes: 1
obj_parallelism: 0.08333333333333333
primal_bound: -3.0
primal_dual_difference: 9.0
primal_dual_integral: 654.39
solution_fractionality: 0.2818627450980392
solve_time: 8.334595
status: nodelimit
