dir_cut_off: 0.0
dual_bound: 5714764.3359622955
efficacy: 0.8333333333333333
gap: 0.006465707205157768
int_support: 0.08333333333333333
num_cuts: 500
num_lp_iterations: 6456
num_nodes: 1
obj_parallelism: 0.08333333333333333
primal_bound: 5751714.328904196
primal_dual_difference: 36949.99294190016
primal_dual_integral: 11.63
solution_fractionality: 0.4
solve_time: 3.935915
status: nodelimit
